INDEX nonnum

11117,21;34.

ts 24, 5.

,23, 4,18.

1111010.

1113, 36.

iton 13, 30.

15, 29. 24, 16; 19.

117, 26. 30, 27.
anamma
111123, 37.

marano.

is 15, 18.
1111311114. 313.
8312. 7, 5. 10,35. 11,13;
33. 12,16. 13,7.14,2;33;
15,4; 5. 17,29. 24, 32. 28,
1'. 14, 24. 17, 24. 30, 26,
12,35.

messam.

11,6;11;27. -

11 11, 29.

16210. 9,2o.10,25.1a,15.
4; 5.

1111111,9. 12,10; 16; 28.
ι, a. 148311. 1111. 11,
ti. 2, 32.

,2,14.

rum mare 6, 24.

,27. 11, 5.

25,3.

122. 11. 13, 2.

111111. 21,11.

»n 11 , 21. 24, 5. 11. 9, 14.

115, 6.

1, 2.

16, 2.

16, 7. 11. 6, 29.
rus 28, 25.

126, 1.

1118, 31.

124, 19.

1,11.

5, 13. cl. 25, 6; 7.
,5, 23. 6, 6. 12, 35.
vs aursi.

Bootes 4, 5.
Brittania 6, 6. 17, 32. 30, 31.
Brutus 16, 7. oi. 27, 21.

- M. Brutus 16, 15.

Decimus Brutus Callaicus 16, 12. 20,
14. 21,10. 30, 21.

Cabirus 10, 35. -

Caecilius 15, 30. (11. Metellus.)

Caelus 10, 7; 20.

Caeninenses 19, 31.

Q. Caepio 21, 16. ci. *30, 20. ,

C. lul. 61111117, 30. 16,16. 23, 1.
24,15. 25, 91 15. 26, 16. 27,7·,
61 11;30. 26,16;20;21,30,30.

Caesar Augustus 17, 33. 26, 20. 27,
19; 31. 30, 32.

Caesar Dacicus 20, 16.

611111 Germanicus 20, 15.

61111111 17, 36. 23, 3.

Caesarea 26, 21.

Callaecia 30, 21.

61111327. 6, 27.

Calpurnius Flamma 19, 13.

Cambyses 12, l. 23, 7; 6; 16, ’

Camillus 16, 12.

Campania 16, 26. 22,12; 25. 29, 6.

6111111214. 4, 19.

Canis, Canicula 2, 2ς 6. 4, 9.

Cannae 22, 24. 29, 32. 11. 29, 7.

Cantabri 30, 33.

Canuleius 20, 34.

Capitolium 21, 6; 14. 28, 2. 29, 4.

Cappadoces 5, 13. ci. 24, 16; 22.

Capricornus 3, 24. 4, 21.

61111124, 12.

Carthaginienses 11, 2. 13, 5. 19, 20.

25, 32. 26, 2. 29,15; 16. 30101

Carthago 11, 3. 1632, 16, 36. 20,
20. 26,11. 30,7;9.

*Carthere 11, 2.

Caspium 111116, 22. 17, 29.

Cassandra 8, 15. ·

Cassius 27, 21. (11. Spurius.)

6111111211. 7, 17.

*Catamant *17, 11.

3

 

