36 111111 11111111.

Hispania 6, 30. 16, 33; 34. 17,a; 11111111111115, 34. 11. 5, 23.

22. 22, 19; 20. 26, 2 ; 5. 30, 3. Lacedaemonii *11, 9. 12,16;22;32.
1111111119, 35. 13, 4. 14, 5; 9; 12. 19, 15. 27,27.
Η11111119,7. Ladon 5, 35.

Horatius 011111 19, 11. Lais 8, 6.
Hyades 4, 7. 1111111124, 8.
*Hydarnes 23, 30. Lsr Tolumnius 19, 32.
Hydaspes 5, 29. Latini 27, 26. 11. 19, 17.
Hymettus 3, l. 5, 22. Latona 19, 133 16.
Hyperiou 10, 1. Lemnos 6, 14.

“ Leo 2, 21. 4, 19.
laniculus 20, 34. 26, 30. 29, 2. Leonidas 12, 31.
Iapygium promontorium 4, 31. Lepidus 18, 21. 27, 5.
Iberus 6, 1. Lernaea hydra 2, 16.
Icarium 111117, 1. Lesbos 6, 6.
11111112,31; 38. 3, 6. 7, 2. 9, 4. *1111111119 36.
1111118,15.13,25. Leucus 7, 25.
10111115, 16. 39, 33. 11. 6, 1. Libanus 5, 21. *11, 3.
Inachus 5, 36. 11. *8, 1. Liber 1, 243 27. 2, 32. 3, 4.
Indi 5, 12. 15, 4. 25, 28. 30, 34. Libra 3, 8; 13. 4, 29.
1111111,24. 5, 21; 29. 11,18. Libya 1, 24. 5, 91 17. 7, 6. 10,11.
Indicus Oceanus 30, 29. 11, 13.
ludus 5, 28. Libycum 1111117,6.
*Inraphernes 23, 30. Ligures 6, 31.
111111111120,7. 1111111125, 35. 29,24.
Ionium 111116, 15; 35. 111111112222. 29,28.
*Ioppe 10, 5. Livius Drusus 16, 17. 21, 16.
Iovis 2, 30. 1111111122, 25. 29,12.
Iovis Ammon 1, 27. 11. 15, 8. 1111111111111611131, 17.
Iphicrates 14, 17. 111111112229.
Issus 15, 1. ’ Lucullus 17, 23. 20, 7. 39, 26.
Ister 5, 36. Luna 4, 11.
*1111111116 37. 1111111130, 20.
113115,1.7. 1161811115 catulus 18, ²1. 20, 91 2⁷¹
Italia 5, 253 26. 6, 1132134. 14, 16. 6. 28, 25. 29, 24.

18, 22. 22, 22. 28, 11. 29, 11. *Lycii 5, 14.

lulioramo. Lycurgus 12, 21.

1111111615. Lydia 5, 33.

Iuba 26, 16; 19, Lysander 13, 1.

Iugurtha 26, 13. 30, 24.

11112,15; 21; 27. 8,1; 25. 9, 37. 1111161115, 16. 11,10. 14, 30;31.

10, u. 111. 11, 1. 1111313111,
Iuppiter 2, 2; 4, 6; 8; 39. 3, 4; 1' 5. 11. 15, 19; 16. 24,4. 25,2; 19.

4,12. 7, 22; 24. 8, 3. 9,8; 21 -1 succisura. 14,35.15,11;13;

26; 28; 36; 37. 16,8;13;-15;11 ’ος 28. 17, 2. 22, 15.

27; 32; 37. 11, 41 12. (11 lovis. -.....11111,2.

Iustitia 2, 29 ..amimea 32

 

