mnnx nomnvu.

4, 14. Gades 6, 7.
155 14, 14. 24, 28. Gaditanus 51555 5, 10. 6, 26.
ro, 12. Gaetulia 5, 18. cl. 6, 3.
529, 23. Galli 5, 17. 16,13;15. 19,18; 33.
29, 3. 31, 28. cl. 20, 3; 5. 28, 21.
56, 7, 651115 4, 33. 5, 26. 6,1;30. 17, 16;
des 6, 15. 31. 30, 30.
510,1’9. 65111555 marso, 17; 30.
ra 13, 17. Ganges 5, 28. ·
35. Ganymedes 3, 29.
5 5, 21. Garamantes 5, 18. 25, 28.
5515935. Gemini 2, 9. 4, ,13.
tinondas 24, 23. Germani 5, 15. 30, 33. ,
rs 8, 20. 9, 3. Germania 6, 4. 17, 31. 30, 30.
re 22, 11. Gigantes 3, 32.
5, 24; 36. 7, 19. *61555 6, 18.
1551551317. Glauce 10, 17.
55 5, 37. 6155515 21, 13.
52, 91; 36. Gobries 23, 31.
neum mare 6, 23. Gracchus 22, 24.
,25 Tib. Gracchus pater 18, 6.
.28, 13. 29, 12. Tib. Gracchus lll. 21, 5.
, 16, 15. 26, 39. 51. 29, 2. G. Gracchus 18, 13. 21, 8.
16, 6. 6555513, 8. 4, 12. 5,16. 13,10; 25.
55 24, 33. 25, l. 22, 17. 24, 24. 28, 32.
lpus 13, 18. Graecia 12, 23. 13, 20. 15,11; 16.
ntes 3, 34. 6, 3. 11, 21. 17, 3. 24, 20.
ι 5, 10; 14. 7, 5. 11,14; 34. Granicus *10, 34. 14, 37.
19; 13. ‘ Gyaros 6, 11.
tAgenoris filia 2, 6.
55, 34. Hadriaticum 555556, 16; 33.
edon 14, 2. 6555155525, 35. 26, 3. .
155551220. Hanno 25, 34.
[murare 7, 2. Harmodius 13, 30.
Hebrus 5, 31.
trecenti 19, 8. Η51555 7, 17.
5 pontifex 19, 18. Helicon 5, 23.
Cunctator 16,17. 29, 35. Helle 2, 3.
Maximus 16,]6. 6511555511, 1.
,us Luscinus 16, 24. Hellespontos 12, 14. 51. 7, 3.
5522, 14. Heraclidae 12, 21.
15526, 27. Η5555155 2, 13, 16; 18, 19. 6, 27. 8,
529, 31. 34. 10, 37.
1555 15, 13. 28, 29. 30, 15. Hermus 5, 32.
15522, 23. 29, 32. hipparchus 13, 31.
0, 34. Hippias 13, 30.
5555165530, 22. *Hippoboton7‚ 19.

3*

 

