muuxnonmvm 37

21, 27.
11 5, 24.
ia 8, 37. .
i, 34. 26, 4.
11911, 11.

rs 24, 18.

1 30, 7.

29, 22.

Capitolinus 21, 31.
Torquatus 16, 9. 20, 3.
«112, 11. 11. 13, 35.

1122, 25. 30, 1.

15, 18.

‚us 12, 34.

17, 16. 21,14. 27, 5; 30; 33.
;4; 7; 12. 30, 23. 01. 27, 32.
ilius 28, 12.

12. 0, 34; 35; 36. 10, 23.

is 7, 33.

1126, 11.

31, 27.

, 18.

11126, 15.

,*20;*31. 10, 4.

13. 11,4;8;26. 23, 6.
1, 30.

&aava 31.

O, 33.

. 12.

0, 15.

1112312.

ug Agrippa 18, 3.
11112. 10, 7. 01.14,5.
t, 6.

umbellam 12, 243 26; 28.
1 16, 35:

1111111111 19, 27.
Creticus 20, 15.
Macedonicus 17,7. 28, 30.
Numidicus 17, 11.

9111117, 14.

11111111 26, 26.

1*12, 11. 13, 33.

Minerva 7, 35. 8,10. 10, 12ς21. 12,

Minotaurus 13, 24.

Minturnae 28, 5.

Mithridates 17, 27. 23, 5. 24,1. 25,
7. 28, 10. 30, 25; 27. of. 27, 4.

1110011113, 10.

Moesi 5, 15. 01. 5, 37.

Molorchus 2, 24.

Muoius 0011111910.

Mummius Achaious 20, 14. 30, 21.

Musae 3, 19; 20.

*Μ1111131151111 11011111128, 25.

Myconos 6, 11.

Myrtilus 7,1.

Myrtoum mare 6, 37.

Namasones 5, 19.

1111116, 12. 14, 24.

Nemea 2, 22.

Neptunus 2, 4.

Nicomedes 25, 14.

11ιὲ 5ἐ89. 6, 3. 0, 20, 26. 10, 1; u;
1111111111,12;14;17;18.

Nisus 10, 36.

1111130, 1.

. Numa Pompilius 15, 34.

Numantia 16, 32. 20, 20. 30, 10.
Numidae 5, 18. 17, 16. 30, 24.
Numidia 6, 2. 17, 11. 26, 8; 13.
*Nymphaeus mons 7, 11.

Oceanus 5, 27. 6, 7; 20. 10, 22. 15,
g( 1329332. 30, 32. 01.1,11.
t,2 .
Octavius 28, 6. 01. 28, 8.
*Oebares 23, 34.
Oenomaus 27, 29. 29, 10.
*0111101 6, 11.

’ ‘Olympia 8, 2. 01. 9, 8 ; 26.

olympium, 35.

Olympus 5, 21.

Opimius 18, 14. 20, 9. 21,10.
Ops 9, 33. 10, 17.

Orestes 7, 35.

Orion 3, 14. 4, 6.

 

