RERUM INDEX. 109

tmen 1, 6, 3. 1111111111, 1. 11111 quaedam 1011
1 1,11,1. 11111131111111111111 1, 3, 3. elus
11111111 1, 11, 1. 11111111 *2²⁸⁸ 1, 3.
11111113111111111,13,3 Q. 3111111111, 111111 3, 36, 3. eiu!
81111111 3, 13, 3. mon 1111 111111-
11, 1111111111111111 1111111111 3,18,6.
Hortensius, elusanus, 111 1111111111)ὴί-

1, 14, 1, 15, 1, 2, 38, 3, 1111111111 11611 3, 11, 3.
1111 tertium 11111111111111111 30111 1313136131 3, 63, 3.

3, 37, 1. 1111011111111011.. 31111111 111111, 11111. cuth.
18, 1, 1111111111 3111111111 turpe 11111111 cum

Tum, 2 7 2, huus ste! Nssmfflfinlfl 11111 2, l, 1. 90, 31 116111·
„110 ,11ρέ 1111111110 „guent .. 111115ὴὲ11111111111111. 111 receptus 3,
1111111111. Antonius 11311111
'lamam θα, ⁴· Ι.
1311111311 1231111313 38311111· 1111161111111 quoties 1111111 3, 3113.
3, . 1111111313 1.
1,3,1.11111 1111111331· 11111111 1111111, 1, 3.
11111)1ῗ1111181111131,1341811111ῃὶ 2 11111ῐ {hams ¹guizna 611111 necatus
111 e ο 1 , 111 , , . , .
p ignes 11111111111111 3, 131,1.
Ι, 3, 1. 3, 3. 3301111111· 131111111111111, 3, 3.
eriminum 111111 1, 8, 3. 1111111 1, 3, 3.
11113, 138, 1. 13113. Illyricum 3, 33, 3. 18, 3. 11111111.
111111 11111 1111111111 duces 111, 1. 131, 1, 131, 3. 3.
lllyriorum rex 61111111 1, 3, 3.
31111111 11 Helenae 3111, 11111111111111111111 11) exercitu 1111111
1111, 11)]1111ο 1111111111 1, 3, 31, 1. 111, 3, 1111111111 lunio
11111111161111111 3, 133, 1.
11 3, 136, 3. 1111111111111111111 1111111131111111111111
ιΙ,1111111101111111111111111Ι1111,11111 1110111111111ῐ111111111111111 393,Μ31ω“
1 111111 condiderunt, dux 1, 111111116111, 11111111111111113, 16, 1.
1111111111, 1ο1111111111111111 1, 11,1.
311113 6011111111 003111101ῐὸ1 interdicere 1111131111113,13,1.63,6.
3,3.13, 1. lon, 11111 Ionum ex 1111111 11 1111111
16, 3. 63, 3. migrantium 1, 1, 3. 1111111 11111111
1111111. 11 acie 111111113, 1, 3, 3, 1, 1,
1,1. 111111 1, 1, 3.
Ι. 314- 131113. l, ³· 41 3· 1111111111111110111111111111 1, 8, 1.
33, 3. 3. 13, 3. 31, 3. 33, 3. 1111111111. 1111. Servilius.
3, 1. 13, 1. 18, 3. 133, ὖ. 11111111111111111113111111131111111111111
11111111 provincia 11111 *b 11111111161111111111 11111 1, 16, 1.
1, 11, 1. 11. 1Ι 4. *utrm 1111111111,1,1.1
161. et Ρ. 5611031333 3. 111111 1, 1, 1. 13, 1.1.3, 3, 3. 1, 1.
1, 3. 111111111111111111111111 1, 1. 1, 3. 18,1. 33, 3. 31,
38, 1. 33, 3 11111111111111 1. 33, 1. 38, 3. 33, 33, 31,
decretae 3, 18, 1. 1 cte· 411, 313, 1.13, 3. 1. .
11113, 33, 1. 6. 71, 1. 76. 3, 3.
3, 31, 3. 11111111 3, 36, 3. 3131131133. 1. 111, 1. 131, 1.
111111111111111111111111111111- 1111111, 6116111111 3, 16. 3.
1ΙίΙί 31 5131 3» 3113131331 Italicum 11111111,1111.1111111111. 11111111·
,33, 3. 1113133111, (111113111111111
1111111111111111111111111111 11 eo 11111. 1. 3, 16, 3 1111. 11111111-
1111111111,11,3. rum 1111111 3, 16, 1. 11111111111
s 11111111 1111111111 111111131- 11111171.Ι quomodo 111111111111 11111.
1131 ‘1 1 ⁰

3
3
63

3-
1 1.
6 3 63,
33, 1. 36, 3. 133,

1
r

 

